filename,width,height,class,xmin,ymin,xmax,ymax
100080576_f52e8ee070_n.jpg,320,263,daisy,1,1,319,263
100930342_92e8746431_n.jpg,320,209,tulip,55,11,106,103
100930342_92e8746431_n.jpg,320,209,tulip,91,15,145,105
100930342_92e8746431_n.jpg,320,209,tulip,192,25,253,141
102501987_3cdb8e5394_n.jpg,320,240,rose,122,1,220,79
102501987_3cdb8e5394_n.jpg,320,240,rose,112,119,202,240
102501987_3cdb8e5394_n.jpg,320,240,rose,185,28,311,153
102841525_bd6628ae3c.jpg,500,400,daisy,3,129,182,232
102841525_bd6628ae3c.jpg,500,400,daisy,186,218,353,398
102841525_bd6628ae3c.jpg,500,400,daisy,274,156,489,279
102841525_bd6628ae3c.jpg,500,400,daisy,415,262,500,395
10443973_aeb97513fc_m.jpg,180,240,dandelion,1,10,180,225
105806915_a9c13e2106_n.jpg,320,213,daisy,205,47,263,148
105806915_a9c13e2106_n.jpg,320,213,daisy,101,29,154,148
105806915_a9c13e2106_n.jpg,320,213,daisy,156,44,202,165
105806915_a9c13e2106_n.jpg,320,213,daisy,40,82,84,167
10683189_bd6e371b97.jpg,500,375,dandelion,64,23,400,343
107693873_86021ac4ea_n.jpg,320,231,tulip,196,137,236,161
107693873_86021ac4ea_n.jpg,320,231,tulip,209,157,260,180
107693873_86021ac4ea_n.jpg,320,231,tulip,112,141,151,180
107693873_86021ac4ea_n.jpg,320,231,tulip,76,149,113,176
107693873_86021ac4ea_n.jpg,320,231,tulip,115,119,151,142
107693873_86021ac4ea_n.jpg,320,231,tulip,63,125,111,149
107693873_86021ac4ea_n.jpg,320,231,tulip,76,91,117,105
107693873_86021ac4ea_n.jpg,320,231,tulip,214,103,251,127
107693873_86021ac4ea_n.jpg,320,231,tulip,165,66,186,88
10791227_7168491604.jpg,500,333,tulip,69,1,457,332
10919961_0af657c4e8.jpg,500,375,dandelion,15,2,498,375
112428665_d8f3632f36_n.jpg,320,239,tulip,23,63,77,149
112428665_d8f3632f36_n.jpg,320,239,tulip,73,101,129,168
112428665_d8f3632f36_n.jpg,320,239,tulip,82,8,126,96
112428665_d8f3632f36_n.jpg,320,239,tulip,117,16,162,94
112428665_d8f3632f36_n.jpg,320,239,tulip,161,34,204,113
112428665_d8f3632f36_n.jpg,320,239,tulip,216,25,269,124
112428919_f0c5ad7d9d_n.jpg,320,234,tulip,16,50,67,153
112428919_f0c5ad7d9d_n.jpg,320,234,tulip,39,12,112,122
112428919_f0c5ad7d9d_n.jpg,320,234,tulip,112,68,179,184
112428919_f0c5ad7d9d_n.jpg,320,234,tulip,177,24,235,139
112428919_f0c5ad7d9d_n.jpg,320,234,tulip,269,53,320,174
112650879_82adc2cc04_n.jpg,320,229,tulip,1,72,34,215
112650879_82adc2cc04_n.jpg,320,229,tulip,37,38,123,156
112650879_82adc2cc04_n.jpg,320,229,tulip,108,29,182,135
112650879_82adc2cc04_n.jpg,320,229,tulip,168,50,247,182
112650879_82adc2cc04_n.jpg,320,229,tulip,224,98,315,223
112650879_82adc2cc04_n.jpg,320,229,tulip,230,39,320,114
112651128_7b5d39a346_m.jpg,240,180,tulip,9,40,63,118
112651128_7b5d39a346_m.jpg,240,180,tulip,60,28,107,108
112651128_7b5d39a346_m.jpg,240,180,tulip,113,28,170,115
112651128_7b5d39a346_m.jpg,240,180,tulip,164,33,228,121
112951022_4892b1348b_n.jpg,320,233,tulip,47,47,110,106
112951022_4892b1348b_n.jpg,320,233,tulip,53,93,103,172
112951022_4892b1348b_n.jpg,320,233,tulip,87,103,158,217
112951022_4892b1348b_n.jpg,320,233,tulip,117,65,176,153
112951022_4892b1348b_n.jpg,320,233,tulip,173,61,237,200
112951022_4892b1348b_n.jpg,320,233,tulip,237,31,311,149
112951086_150a59d499_n.jpg,320,220,tulip,14,15,86,109
112951086_150a59d499_n.jpg,320,220,tulip,128,11,202,105
112951086_150a59d499_n.jpg,320,220,tulip,205,22,268,106
113291410_1bdc718ed8_n.jpg,320,232,tulip,1,34,73,98
113291410_1bdc718ed8_n.jpg,320,232,tulip,1,85,73,211
113291410_1bdc718ed8_n.jpg,320,232,tulip,85,124,155,224
113291410_1bdc718ed8_n.jpg,320,232,tulip,82,6,152,121
113291410_1bdc718ed8_n.jpg,320,232,tulip,148,30,197,170
113291410_1bdc718ed8_n.jpg,320,232,tulip,194,43,256,165
113291410_1bdc718ed8_n.jpg,320,232,tulip,253,38,315,180
113902743_8f537f769b_n.jpg,320,239,tulip,80,46,111,87
113902743_8f537f769b_n.jpg,320,239,tulip,124,35,151,74
113902743_8f537f769b_n.jpg,320,239,tulip,150,38,178,78
113902743_8f537f769b_n.jpg,320,239,tulip,201,42,225,74
11405573_24a8a838cc_n.jpg,320,240,dandelion,60,16,280,236
116343334_9cb4acdc57_n.jpg,320,240,tulip,123,91,228,209
116343334_9cb4acdc57_n.jpg,320,240,tulip,208,64,316,166
11642632_1e7627a2cc.jpg,500,333,daisy,36,64,500,329
11746080_963537acdc.jpg,500,318,tulip,180,231,211,264
11746080_963537acdc.jpg,500,318,tulip,242,230,276,262
11746080_963537acdc.jpg,500,318,tulip,298,241,330,270
11746080_963537acdc.jpg,500,318,tulip,341,260,371,292
11746080_963537acdc.jpg,500,318,tulip,382,250,400,275
11746080_963537acdc.jpg,500,318,tulip,404,256,429,284
11746080_963537acdc.jpg,500,318,tulip,438,237,480,272
11746080_963537acdc.jpg,500,318,tulip,229,273,255,306
11746080_963537acdc.jpg,500,318,tulip,198,268,223,294
11746080_963537acdc.jpg,500,318,tulip,98,255,136,283
11746080_963537acdc.jpg,500,318,tulip,47,270,82,298
11746080_963537acdc.jpg,500,318,tulip,45,245,73,267
11746080_963537acdc.jpg,500,318,tulip,65,218,93,242
11746080_963537acdc.jpg,500,318,tulip,184,156,206,181
11746080_963537acdc.jpg,500,318,tulip,204,153,225,172
11746080_963537acdc.jpg,500,318,tulip,249,152,271,175
11746080_963537acdc.jpg,500,318,tulip,280,145,300,172
11746080_963537acdc.jpg,500,318,tulip,279,185,304,205
11746080_963537acdc.jpg,500,318,tulip,336,213,386,244
11746080_963537acdc.jpg,500,318,tulip,395,180,412,200
11746080_963537acdc.jpg,500,318,tulip,433,162,465,195
11746080_963537acdc.jpg,500,318,tulip,412,132,435,153
11746080_963537acdc.jpg,500,318,tulip,446,125,463,139
11746080_963537acdc.jpg,500,318,tulip,439,142,466,158
11746080_963537acdc.jpg,500,318,tulip,464,96,494,116
11746080_963537acdc.jpg,500,318,tulip,429,46,454,64
11746080_963537acdc.jpg,500,318,tulip,355,8,373,32
11746080_963537acdc.jpg,500,318,tulip,307,19,337,45
11746080_963537acdc.jpg,500,318,tulip,248,107,267,130
11746080_963537acdc.jpg,500,318,tulip,222,117,247,153
11746080_963537acdc.jpg,500,318,tulip,184,112,206,139
11746080_963537acdc.jpg,500,318,tulip,139,117,161,139
11746080_963537acdc.jpg,500,318,tulip,32,72,48,94
11746080_963537acdc.jpg,500,318,tulip,32,43,51,62
11746080_963537acdc.jpg,500,318,tulip,126,26,147,49
11746080_963537acdc.jpg,500,318,tulip,260,57,285,81
11746367_d23a35b085_n.jpg,320,272,tulip,29,117,53,141
11746367_d23a35b085_n.jpg,320,272,tulip,36,145,59,168
11746367_d23a35b085_n.jpg,320,272,tulip,40,163,68,191
11746367_d23a35b085_n.jpg,320,272,tulip,141,79,164,102
11746367_d23a35b085_n.jpg,320,272,tulip,198,93,224,119
11746367_d23a35b085_n.jpg,320,272,tulip,201,121,231,151
11746367_d23a35b085_n.jpg,320,272,tulip,214,184,246,216
11746367_d23a35b085_n.jpg,320,272,tulip,164,214,198,248
11746367_d23a35b085_n.jpg,320,272,tulip,135,216,167,248
11746367_d23a35b085_n.jpg,320,272,tulip,79,208,114,243
11746367_d23a35b085_n.jpg,320,272,tulip,47,207,78,238
11746367_d23a35b085_n.jpg,320,272,tulip,223,238,257,272
11746367_d23a35b085_n.jpg,320,272,tulip,250,217,293,260
11746367_d23a35b085_n.jpg,320,272,tulip,273,155,308,190
11746367_d23a35b085_n.jpg,320,272,tulip,294,94,318,118
11746367_d23a35b085_n.jpg,320,272,tulip,228,83,254,109
11746367_d23a35b085_n.jpg,320,272,tulip,216,50,244,78
11746367_d23a35b085_n.jpg,320,272,tulip,173,63,194,84
11746367_d23a35b085_n.jpg,320,272,tulip,133,52,156,75
11746367_d23a35b085_n.jpg,320,272,tulip,76,88,102,114
11746367_d23a35b085_n.jpg,320,272,tulip,46,83,70,107
11746367_d23a35b085_n.jpg,320,272,tulip,24,45,47,68
11746367_d23a35b085_n.jpg,320,272,tulip,79,42,103,66
11746367_d23a35b085_n.jpg,320,272,tulip,193,38,209,54
11746367_d23a35b085_n.jpg,320,272,tulip,202,148,230,176
11746452_5bc1749a36.jpg,500,248,tulip,20,152,95,227
11746452_5bc1749a36.jpg,500,248,tulip,3,71,38,106
11746452_5bc1749a36.jpg,500,248,tulip,296,207,337,248
11746452_5bc1749a36.jpg,500,248,tulip,209,103,268,162
11746452_5bc1749a36.jpg,500,248,tulip,175,196,212,233
11746452_5bc1749a36.jpg,500,248,tulip,348,149,416,217
11746452_5bc1749a36.jpg,500,248,tulip,449,95,497,142
11746452_5bc1749a36.jpg,500,248,tulip,338,72,398,132
11746452_5bc1749a36.jpg,500,248,tulip,135,60,189,114
11746452_5bc1749a36.jpg,500,248,tulip,73,75,109,111
11746452_5bc1749a36.jpg,500,248,tulip,22,28,59,65
11746452_5bc1749a36.jpg,500,248,tulip,363,23,394,54
11746452_5bc1749a36.jpg,500,248,tulip,221,14,253,46
11746452_5bc1749a36.jpg,500,248,tulip,86,114,134,162
11746452_5bc1749a36.jpg,500,248,tulip,79,11,106,38
11746452_5bc1749a36.jpg,500,248,tulip,431,30,473,72
11746548_26b3256922_n.jpg,320,276,tulip,216,188,262,234
11746548_26b3256922_n.jpg,320,276,tulip,264,200,313,249
11746548_26b3256922_n.jpg,320,276,tulip,3,210,52,259
11746548_26b3256922_n.jpg,320,276,tulip,56,154,101,199
11746548_26b3256922_n.jpg,320,276,tulip,38,112,78,152
11746548_26b3256922_n.jpg,320,276,tulip,97,103,133,139
11746548_26b3256922_n.jpg,320,276,tulip,198,26,224,52
11746548_26b3256922_n.jpg,320,276,tulip,63,44,89,70
11746548_26b3256922_n.jpg,320,276,tulip,145,182,189,226
11746548_26b3256922_n.jpg,320,276,tulip,206,143,247,184
11746548_26b3256922_n.jpg,320,276,tulip,240,98,280,138
11746548_26b3256922_n.jpg,320,276,tulip,161,64,197,100
11746548_26b3256922_n.jpg,320,276,tulip,104,51,143,90
118974357_0faa23cce9_n.jpg,320,241,rose,148,80,235,166
118974357_0faa23cce9_n.jpg,320,241,rose,218,16,299,123
118974357_0faa23cce9_n.jpg,320,241,rose,185,161,266,241
118974357_0faa23cce9_n.jpg,320,241,rose,73,104,149,178
118974357_0faa23cce9_n.jpg,320,241,rose,93,11,186,93
118974357_0faa23cce9_n.jpg,320,241,rose,3,34,120,111
118974357_0faa23cce9_n.jpg,320,241,rose,247,126,320,202
118974357_0faa23cce9_n.jpg,320,241,rose,104,177,187,239
12163418275_bd6a1edd61.jpg,500,333,tulip,126,166,181,210
12163418275_bd6a1edd61.jpg,500,333,tulip,24,186,76,235
12163418275_bd6a1edd61.jpg,500,333,tulip,189,247,242,295
12163418275_bd6a1edd61.jpg,500,333,tulip,303,169,353,212
12163418275_bd6a1edd61.jpg,500,333,tulip,376,185,420,241
12163418275_bd6a1edd61.jpg,500,333,tulip,324,225,398,284
12163418275_bd6a1edd61.jpg,500,333,tulip,436,221,500,277
12163418275_bd6a1edd61.jpg,500,333,tulip,380,119,429,149
12163418275_bd6a1edd61.jpg,500,333,tulip,395,143,446,183
12163418275_bd6a1edd61.jpg,500,333,tulip,445,108,482,151
12163418275_bd6a1edd61.jpg,500,333,tulip,332,139,373,172
12163418275_bd6a1edd61.jpg,500,333,tulip,274,141,324,179
12163418275_bd6a1edd61.jpg,500,333,tulip,233,104,268,142
12163418275_bd6a1edd61.jpg,500,333,tulip,197,99,237,136
12163418275_bd6a1edd61.jpg,500,333,tulip,180,135,219,180
12163418275_bd6a1edd61.jpg,500,333,tulip,212,165,251,202
12163418275_bd6a1edd61.jpg,500,333,tulip,19,89,61,144
12240303_80d87f77a3_n.jpg,320,240,rose,71,1,320,206
12240303_80d87f77a3_n.jpg,320,240,rose,1,37,67,178
122450705_9885fff3c4_n.jpg,320,240,tulip,27,3,75,41
122450705_9885fff3c4_n.jpg,320,240,tulip,48,89,96,122
122450705_9885fff3c4_n.jpg,320,240,tulip,11,161,59,191
122450705_9885fff3c4_n.jpg,320,240,tulip,218,147,266,178
122450705_9885fff3c4_n.jpg,320,240,tulip,226,65,252,95
122450705_9885fff3c4_n.jpg,320,240,tulip,209,32,240,64
122450705_9885fff3c4_n.jpg,320,240,tulip,258,163,288,192
122450705_9885fff3c4_n.jpg,320,240,tulip,200,167,239,197
122450705_9885fff3c4_n.jpg,320,240,tulip,131,86,166,125
122450705_9885fff3c4_n.jpg,320,240,tulip,44,50,86,78
122450705_9885fff3c4_n.jpg,320,240,tulip,10,88,52,120
123128873_546b8b7355_n.jpg,320,240,rose,4,77,93,167
123128873_546b8b7355_n.jpg,320,240,rose,78,137,170,217
123128873_546b8b7355_n.jpg,320,240,rose,49,42,129,101
123128873_546b8b7355_n.jpg,320,240,rose,200,37,271,101
123128873_546b8b7355_n.jpg,320,240,rose,140,79,250,155
123128873_546b8b7355_n.jpg,320,240,rose,168,155,270,240
123128873_546b8b7355_n.jpg,320,240,rose,70,1,162,39
12517756805_56b74be742.jpg,500,334,tulip,146,70,348,267
12517756805_56b74be742.jpg,500,334,tulip,302,163,500,332
12517756805_56b74be742.jpg,500,334,tulip,78,238,253,334
12548574923_5e90f4ceea.jpg,500,333,tulip,121,113,319,319
12548574923_5e90f4ceea.jpg,500,333,tulip,373,255,479,333
12548574923_5e90f4ceea.jpg,500,333,tulip,361,57,484,226
12548574923_5e90f4ceea.jpg,500,333,tulip,11,113,212,331
12584810723_c97d00fcfd.jpg,500,215,tulip,69,17,242,204
12584810723_c97d00fcfd.jpg,500,215,tulip,207,54,473,208
126012913_edf771c564_n.jpg,320,240,dandelion,84,58,159,139
127192624_afa3d9cb84.jpg,500,330,sunflower,131,147,146,172
127192624_afa3d9cb84.jpg,500,330,sunflower,82,118,96,130
127192624_afa3d9cb84.jpg,500,330,sunflower,26,132,44,145
127192624_afa3d9cb84.jpg,500,330,sunflower,406,140,425,153
127192624_afa3d9cb84.jpg,500,330,sunflower,440,132,464,155
127192624_afa3d9cb84.jpg,500,330,sunflower,47,120,66,135
127192624_afa3d9cb84.jpg,500,330,sunflower,145,123,162,137
127192624_afa3d9cb84.jpg,500,330,sunflower,229,126,243,142
127192624_afa3d9cb84.jpg,500,330,sunflower,260,130,273,144
127192624_afa3d9cb84.jpg,500,330,sunflower,283,125,298,142
12764617214_12211c6a0c_m.jpg,240,240,tulip,122,46,162,94
12764617214_12211c6a0c_m.jpg,240,240,tulip,168,74,215,124
12873145295_438b8197a7_n.jpg,320,286,tulip,15,87,84,136
12873145295_438b8197a7_n.jpg,320,286,tulip,254,98,297,143
12873145295_438b8197a7_n.jpg,320,286,tulip,234,80,273,115
12873145295_438b8197a7_n.jpg,320,286,tulip,232,22,256,59
12873145295_438b8197a7_n.jpg,320,286,tulip,179,35,216,77
12873145295_438b8197a7_n.jpg,320,286,tulip,87,20,121,51
12873145295_438b8197a7_n.jpg,320,286,tulip,65,44,115,83
12916017805_1cde91a891_n.jpg,320,240,tulip,77,94,182,215
12916017805_1cde91a891_n.jpg,320,240,tulip,177,27,299,193
12916017805_1cde91a891_n.jpg,320,240,tulip,18,56,92,151
12916135413_dafcf3089e_n.jpg,320,240,tulip,51,76,153,204
12916135413_dafcf3089e_n.jpg,320,240,tulip,186,67,273,160
12916135413_dafcf3089e_n.jpg,320,240,tulip,222,164,270,210
12916135413_dafcf3089e_n.jpg,320,240,tulip,175,16,246,83
12916135413_dafcf3089e_n.jpg,320,240,tulip,29,1,100,73
130684941_d1abfa3be6_m.jpg,180,240,tulip,1,158,29,201
130684941_d1abfa3be6_m.jpg,180,240,tulip,32,152,52,177
130684941_d1abfa3be6_m.jpg,180,240,tulip,67,158,86,182
130684941_d1abfa3be6_m.jpg,180,240,tulip,99,157,180,238
130685040_3c2fcec63e_n.jpg,320,240,tulip,38,114,95,197
130685040_3c2fcec63e_n.jpg,320,240,tulip,185,120,251,192
130685040_3c2fcec63e_n.jpg,320,240,tulip,249,152,297,210
130685040_3c2fcec63e_n.jpg,320,240,tulip,99,133,179,235
130685040_3c2fcec63e_n.jpg,320,240,tulip,25,80,79,127
130685040_3c2fcec63e_n.jpg,320,240,tulip,122,96,166,144
130685040_3c2fcec63e_n.jpg,320,240,tulip,81,77,109,117
130685040_3c2fcec63e_n.jpg,320,240,tulip,1,64,18,110
130685040_3c2fcec63e_n.jpg,320,240,tulip,247,84,264,109
130685040_3c2fcec63e_n.jpg,320,240,tulip,284,91,299,111
130685040_3c2fcec63e_n.jpg,320,240,tulip,195,70,204,82
130685245_dcdd23836f_m.jpg,240,240,tulip,30,159,56,195
130685245_dcdd23836f_m.jpg,240,240,tulip,14,204,46,238
130685245_dcdd23836f_m.jpg,240,240,tulip,2,165,18,190
130685245_dcdd23836f_m.jpg,240,240,tulip,67,158,92,188
130685245_dcdd23836f_m.jpg,240,240,tulip,65,192,105,212
130685245_dcdd23836f_m.jpg,240,240,tulip,209,206,240,238
130685245_dcdd23836f_m.jpg,240,240,tulip,124,190,153,215
130685245_dcdd23836f_m.jpg,240,240,tulip,155,197,175,219
130685347_afbffe3afa_n.jpg,320,240,tulip,93,132,130,179
130685347_afbffe3afa_n.jpg,320,240,tulip,34,141,73,185
130685347_afbffe3afa_n.jpg,320,240,tulip,140,129,173,171
130685347_afbffe3afa_n.jpg,320,240,tulip,182,141,220,181
130685347_afbffe3afa_n.jpg,320,240,tulip,238,132,269,171
130685347_afbffe3afa_n.jpg,320,240,tulip,265,125,292,153
130685347_afbffe3afa_n.jpg,320,240,tulip,302,142,320,173
130685347_afbffe3afa_n.jpg,320,240,tulip,81,43,100,65
130685347_afbffe3afa_n.jpg,320,240,tulip,33,65,49,84
130685347_afbffe3afa_n.jpg,320,240,tulip,12,89,42,123
130685347_afbffe3afa_n.jpg,320,240,tulip,157,61,172,82
130685347_afbffe3afa_n.jpg,320,240,tulip,213,49,226,68
130685347_afbffe3afa_n.jpg,320,240,tulip,252,66,266,84
130685347_afbffe3afa_n.jpg,320,240,tulip,214,104,250,130
130685347_afbffe3afa_n.jpg,320,240,tulip,173,117,197,150
13176576813_50e77cc1d9.jpg,500,332,tulip,88,18,362,284
132538273_335240fe5b_n.jpg,320,240,tulip,136,100,277,211
132538273_335240fe5b_n.jpg,320,240,tulip,1,72,150,200
132538273_335240fe5b_n.jpg,320,240,tulip,166,2,320,134
13289268363_b9337d751e.jpg,500,332,tulip,213,56,321,127
13289268363_b9337d751e.jpg,500,332,tulip,56,107,162,222
13289268363_b9337d751e.jpg,500,332,tulip,388,146,465,203
13289268363_b9337d751e.jpg,500,332,tulip,419,197,495,265
13289268363_b9337d751e.jpg,500,332,tulip,318,249,460,332
13289268363_b9337d751e.jpg,500,332,tulip,185,177,298,251
13289268363_b9337d751e.jpg,500,332,tulip,227,136,336,209
13289268363_b9337d751e.jpg,500,332,tulip,67,39,161,115
13290033_ebd7c7abba_n.jpg,320,283,dandelion,67,31,254,226
133692329_c1150ed811_n.jpg,320,240,tulip,81,127,148,207
133692329_c1150ed811_n.jpg,320,240,tulip,192,6,320,201
134143359_71fa8dd9a4.jpg,500,375,tulip,184,96,289,181
134143359_71fa8dd9a4.jpg,500,375,tulip,37,10,168,109
134143359_71fa8dd9a4.jpg,500,375,tulip,87,130,170,183
134143359_71fa8dd9a4.jpg,500,375,tulip,15,169,78,230
134143359_71fa8dd9a4.jpg,500,375,tulip,18,254,145,361
134143359_71fa8dd9a4.jpg,500,375,tulip,221,177,322,272
134143359_71fa8dd9a4.jpg,500,375,tulip,306,116,386,207
134143359_71fa8dd9a4.jpg,500,375,tulip,339,35,454,117
134143359_71fa8dd9a4.jpg,500,375,tulip,358,111,484,195
134372449_0f7166d96c_n.jpg,320,240,daisy,65,23,90,46
134372449_0f7166d96c_n.jpg,320,240,daisy,102,43,121,64
134372449_0f7166d96c_n.jpg,320,240,daisy,37,86,68,112
134372449_0f7166d96c_n.jpg,320,240,daisy,42,151,65,168
134372449_0f7166d96c_n.jpg,320,240,daisy,77,161,96,177
134372449_0f7166d96c_n.jpg,320,240,daisy,93,117,107,130
134372449_0f7166d96c_n.jpg,320,240,daisy,99,93,117,110
134372449_0f7166d96c_n.jpg,320,240,daisy,237,50,256,69
134372449_0f7166d96c_n.jpg,320,240,daisy,178,117,195,132
134372449_0f7166d96c_n.jpg,320,240,daisy,238,151,256,170
134372449_0f7166d96c_n.jpg,320,240,daisy,171,46,188,63
134372449_0f7166d96c_n.jpg,320,240,daisy,126,57,141,71
134409839_71069a95d1_m.jpg,240,222,daisy,11,4,221,221
13471563274_471fc1db33_m.jpg,240,240,tulip,88,73,108,111
13471563274_471fc1db33_m.jpg,240,240,tulip,123,72,141,96
13471563274_471fc1db33_m.jpg,240,240,tulip,155,82,169,99
13471563274_471fc1db33_m.jpg,240,240,tulip,177,71,187,89
13471563274_471fc1db33_m.jpg,240,240,tulip,58,76,70,105
13471563274_471fc1db33_m.jpg,240,240,tulip,32,60,51,82
13471563274_471fc1db33_m.jpg,240,240,tulip,200,66,210,79
13471563274_471fc1db33_m.jpg,240,240,tulip,198,79,210,89
135994133_4f306fe4bf_n.jpg,320,218,tulip,51,3,130,64
135994133_4f306fe4bf_n.jpg,320,218,tulip,169,65,241,115
135994133_4f306fe4bf_n.jpg,320,218,tulip,91,71,127,123
135994133_4f306fe4bf_n.jpg,320,218,tulip,113,80,166,140
135994133_4f306fe4bf_n.jpg,320,218,tulip,203,141,268,208
136011860_44ca0b2835_n.jpg,320,240,dandelion,14,10,320,234
138132145_782763b84f_m.jpg,180,240,dandelion,73,115,155,236
138166590_47c6cb9dd0.jpg,500,336,dandelion,4,24,352,334
13920113_f03e867ea7_m.jpg,240,240,dandelion,9,4,237,239
140951103_69847c0b7c.jpg,500,375,dandelion,82,7,453,375
141340262_ca2e576490.jpg,500,333,dandelion,7,9,490,305
141479422_5a6fa1fd1b_m.jpg,180,240,tulip,25,69,58,99
141479422_5a6fa1fd1b_m.jpg,180,240,tulip,25,93,60,127
141479422_5a6fa1fd1b_m.jpg,180,240,tulip,21,173,53,202
141479422_5a6fa1fd1b_m.jpg,180,240,tulip,116,221,149,237
141479422_5a6fa1fd1b_m.jpg,180,240,tulip,61,181,103,215
141479422_5a6fa1fd1b_m.jpg,180,240,tulip,33,201,69,230
141652526_2be95f21c3_n.jpg,320,240,dandelion,44,5,308,239
142218310_d06005030a_n.jpg,320,228,tulip,246,41,320,152
142218310_d06005030a_n.jpg,320,228,tulip,149,12,242,97
142218310_d06005030a_n.jpg,320,228,tulip,146,81,233,164
142218310_d06005030a_n.jpg,320,228,tulip,79,126,181,228
142218310_d06005030a_n.jpg,320,228,tulip,20,124,95,220
142218310_d06005030a_n.jpg,320,228,tulip,5,74,119,127
142218310_d06005030a_n.jpg,320,228,tulip,3,35,90,78
142235017_07816937c6.jpg,500,375,tulip,62,128,106,174
142235017_07816937c6.jpg,500,375,tulip,248,204,292,250
142235017_07816937c6.jpg,500,375,tulip,261,251,313,290
142235017_07816937c6.jpg,500,375,tulip,280,294,338,353
142235017_07816937c6.jpg,500,375,tulip,409,304,467,348
142235017_07816937c6.jpg,500,375,tulip,443,242,494,301
142235017_07816937c6.jpg,500,375,tulip,373,235,429,287
142235017_07816937c6.jpg,500,375,tulip,147,308,189,343
142235017_07816937c6.jpg,500,375,tulip,61,323,110,365
142235017_07816937c6.jpg,500,375,tulip,85,248,142,300
142235017_07816937c6.jpg,500,375,tulip,16,221,66,267
142235017_07816937c6.jpg,500,375,tulip,4,177,41,216
142235017_07816937c6.jpg,500,375,tulip,54,181,119,231
142235017_07816937c6.jpg,500,375,tulip,142,206,179,254
142235017_07816937c6.jpg,500,375,tulip,162,234,215,274
142235017_07816937c6.jpg,500,375,tulip,203,203,248,242
142235017_07816937c6.jpg,500,375,tulip,327,258,374,320
142235017_07816937c6.jpg,500,375,tulip,421,200,463,254
142235017_07816937c6.jpg,500,375,tulip,379,179,425,224
142235017_07816937c6.jpg,500,375,tulip,235,159,278,206
142235017_07816937c6.jpg,500,375,tulip,142,155,172,195
142235017_07816937c6.jpg,500,375,tulip,104,145,145,183
142235017_07816937c6.jpg,500,375,tulip,165,119,210,165
142235017_07816937c6.jpg,500,375,tulip,269,139,312,172
142235017_07816937c6.jpg,500,375,tulip,308,151,342,205
142235017_07816937c6.jpg,500,375,tulip,342,165,384,222
142235017_07816937c6.jpg,500,375,tulip,435,171,482,213
142235237_da662d925c.jpg,500,375,tulip,253,116,418,324
142235237_da662d925c.jpg,500,375,tulip,49,131,221,333
142390525_5d81a3659d_m.jpg,235,240,dandelion,7,5,215,237
142813254_20a7fd5fb6_n.jpg,320,240,dandelion,58,53,257,224
14283011_3e7452c5b2_n.jpg,320,240,dandelion,104,67,193,190
144040769_c5b805f868.jpg,500,376,dandelion,81,7,447,371
144099102_bf63a41e4f_n.jpg,320,240,daisy,228,51,261,135
144099102_bf63a41e4f_n.jpg,320,240,daisy,239,96,261,123
144099102_bf63a41e4f_n.jpg,320,240,daisy,262,111,290,143
144099102_bf63a41e4f_n.jpg,320,240,daisy,227,180,256,211
144099102_bf63a41e4f_n.jpg,320,240,daisy,242,187,308,240
144099102_bf63a41e4f_n.jpg,320,240,daisy,209,144,244,177
144099102_bf63a41e4f_n.jpg,320,240,daisy,19,141,56,167
144099102_bf63a41e4f_n.jpg,320,240,daisy,88,104,126,157
144099102_bf63a41e4f_n.jpg,320,240,daisy,132,95,157,143
144099102_bf63a41e4f_n.jpg,320,240,daisy,147,84,178,116
144099102_bf63a41e4f_n.jpg,320,240,daisy,85,161,125,198
144099102_bf63a41e4f_n.jpg,320,240,daisy,153,144,211,208
144603918_b9de002f60_m.jpg,212,240,daisy,28,40,178,207
144686365_d7e96941ee_n.jpg,320,240,dandelion,27,107,158,240
144686365_d7e96941ee_n.jpg,320,240,dandelion,216,135,258,240
144686365_d7e96941ee_n.jpg,320,240,dandelion,260,191,303,240
144686365_d7e96941ee_n.jpg,320,240,dandelion,110,31,159,119
144686365_d7e96941ee_n.jpg,320,240,dandelion,55,76,83,114
144686365_d7e96941ee_n.jpg,320,240,dandelion,197,1,246,97
145173479_7d04346c20.jpg,500,329,dandelion,95,11,419,329
145303599_2627e23815_n.jpg,320,240,sunflower,53,13,256,215
145862135_ab710de93c_n.jpg,320,238,rose,102,57,218,184
145862135_ab710de93c_n.jpg,320,238,rose,204,38,299,160
145862135_ab710de93c_n.jpg,320,238,rose,4,111,101,196
145862135_ab710de93c_n.jpg,320,238,rose,1,3,109,102
146023167_f905574d97_m.jpg,240,225,dandelion,7,5,235,225
146884869_b1a8fa9c4e_n.jpg,320,240,tulip,143,53,198,147
146884869_b1a8fa9c4e_n.jpg,320,240,tulip,207,33,271,140
146884869_b1a8fa9c4e_n.jpg,320,240,tulip,50,123,98,222
148180650_19a4b410db.jpg,500,375,dandelion,110,74,367,375
14957470_6a8c272a87_m.jpg,180,240,tulip,66,155,88,184
14957470_6a8c272a87_m.jpg,180,240,tulip,89,154,109,181
14957470_6a8c272a87_m.jpg,180,240,tulip,109,131,128,158
14957470_6a8c272a87_m.jpg,180,240,tulip,55,136,80,159
14957470_6a8c272a87_m.jpg,180,240,tulip,49,97,68,115
14957470_6a8c272a87_m.jpg,180,240,tulip,57,81,75,99
14957470_6a8c272a87_m.jpg,180,240,tulip,121,113,139,132
151385301_153eacf6b5_n.jpg,320,240,dandelion,1,1,247,238
151861297_55b10a03a6_n.jpg,320,240,dandelion,5,15,220,233
151898652_b5f1c70b98_n.jpg,320,240,sunflower,74,22,288,224
15207766_fc2f1d692c_n.jpg,320,215,daisy,1,3,318,212
153210866_03cc9f2f36.jpg,500,375,daisy,58,1,477,375
158869618_f1a6704236_n.jpg,320,265,daisy,112,49,312,241
158869618_f1a6704236_n.jpg,320,265,daisy,13,80,164,230
158988663_6fe055fcb4.jpg,500,309,dandelion,53,1,326,300
159079265_d77a9ac920_n.jpg,320,246,rose,109,68,142,103
159079265_d77a9ac920_n.jpg,320,246,rose,84,118,114,144
159079265_d77a9ac920_n.jpg,320,246,rose,96,152,123,172
159079265_d77a9ac920_n.jpg,320,246,rose,124,149,148,175
159079265_d77a9ac920_n.jpg,320,246,rose,189,142,212,167
159079265_d77a9ac920_n.jpg,320,246,rose,207,153,234,177
159079265_d77a9ac920_n.jpg,320,246,rose,150,104,173,126
159079265_d77a9ac920_n.jpg,320,246,rose,150,119,174,141
159079265_d77a9ac920_n.jpg,320,246,rose,22,94,51,119
159079265_d77a9ac920_n.jpg,320,246,rose,23,66,53,92
159079265_d77a9ac920_n.jpg,320,246,rose,41,48,68,74
159079265_d77a9ac920_n.jpg,320,246,rose,11,36,41,65
159079265_d77a9ac920_n.jpg,320,246,rose,22,22,50,38
159079265_d77a9ac920_n.jpg,320,246,rose,71,19,102,46
159079265_d77a9ac920_n.jpg,320,246,rose,100,32,130,57
159079265_d77a9ac920_n.jpg,320,246,rose,144,42,176,68
159079265_d77a9ac920_n.jpg,320,246,rose,149,71,175,95
159079265_d77a9ac920_n.jpg,320,246,rose,182,81,200,102
15987457_49dc11bf4b.jpg,500,375,dandelion,51,25,415,352
16041975_2f6c1596e5.jpg,500,423,dandelion,27,9,500,415
160954292_6c2b4fda65_n.jpg,320,213,rose,1,1,313,213
16159487_3a6615a565_n.jpg,320,240,dandelion,31,86,260,240
162362896_99c7d851c8_n.jpg,320,256,daisy,10,171,65,250
162362896_99c7d851c8_n.jpg,320,256,daisy,92,5,180,50
162362896_99c7d851c8_n.jpg,320,256,daisy,24,42,284,218
162362897_1d21b70621_m.jpg,221,240,daisy,112,24,168,63
162362897_1d21b70621_m.jpg,221,240,daisy,4,58,209,224
163702807_e508544acd_n.jpg,320,213,dandelion,64,42,85,89
163702807_e508544acd_n.jpg,320,213,dandelion,58,91,73,141
163702807_e508544acd_n.jpg,320,213,dandelion,110,119,130,164
163702807_e508544acd_n.jpg,320,213,dandelion,219,29,241,187
163702807_e508544acd_n.jpg,320,213,dandelion,243,101,265,178
163702807_e508544acd_n.jpg,320,213,dandelion,169,161,188,186
163702807_e508544acd_n.jpg,320,213,dandelion,22,35,43,117
163978992_8128b49d3e_n.jpg,320,257,daisy,58,13,129,72
163978992_8128b49d3e_n.jpg,320,257,daisy,3,76,86,184
163978992_8128b49d3e_n.jpg,320,257,daisy,85,36,308,246
164668737_aeab0cb55e_n.jpg,320,228,sunflower,2,5,300,225
164670455_29d8e02bbd_n.jpg,320,228,sunflower,73,34,254,217
164671753_ab36d9cbb7_n.jpg,320,228,sunflower,54,19,273,223
164672339_f2b5b164f6.jpg,500,333,sunflower,1,6,494,333
165985535_7178ce6350.jpg,500,333,rose,170,91,273,204
165985535_7178ce6350.jpg,500,333,rose,286,76,386,187
169371301_d9b91a2a42.jpg,500,375,daisy,56,246,127,323
169371301_d9b91a2a42.jpg,500,375,daisy,171,226,245,295
169371301_d9b91a2a42.jpg,500,375,daisy,136,287,206,357
169371301_d9b91a2a42.jpg,500,375,daisy,367,249,429,307
169371301_d9b91a2a42.jpg,500,375,daisy,380,31,440,71
169371301_d9b91a2a42.jpg,500,375,daisy,301,92,362,131
169371301_d9b91a2a42.jpg,500,375,daisy,395,179,461,231
169371301_d9b91a2a42.jpg,500,375,daisy,277,173,370,223
169371301_d9b91a2a42.jpg,500,375,daisy,246,128,294,157
169371301_d9b91a2a42.jpg,500,375,daisy,136,108,208,157
169371301_d9b91a2a42.jpg,500,375,daisy,204,175,253,214
169371301_d9b91a2a42.jpg,500,375,daisy,93,62,124,88
169371301_d9b91a2a42.jpg,500,375,daisy,54,140,95,168
169371301_d9b91a2a42.jpg,500,375,daisy,21,204,77,241
169371301_d9b91a2a42.jpg,500,375,daisy,404,324,479,373
169371301_d9b91a2a42.jpg,500,375,daisy,334,23,381,62
169371301_d9b91a2a42.jpg,500,375,daisy,452,61,500,97
169371301_d9b91a2a42.jpg,500,375,daisy,196,1,269,62
169371301_d9b91a2a42.jpg,500,375,daisy,185,38,217,54
169371301_d9b91a2a42.jpg,500,375,daisy,212,46,245,86
171972704_389cf7a953.jpg,350,232,daisy,1,1,275,232
172311368_49412f881b.jpg,500,330,rose,180,58,358,282
172311368_49412f881b.jpg,500,330,rose,65,26,213,147
172311368_49412f881b.jpg,500,330,rose,44,144,199,310
172311368_49412f881b.jpg,500,330,rose,377,2,497,111
172311368_49412f881b.jpg,500,330,rose,245,2,377,84
172967318_c596d082cc.jpg,500,333,daisy,185,90,317,225
173350276_02817aa8d5.jpg,500,411,daisy,36,8,308,392
174109630_3c544b8a2f.jpg,500,375,rose,28,85,184,229
174109630_3c544b8a2f.jpg,500,375,rose,176,157,314,304
174109630_3c544b8a2f.jpg,500,375,rose,59,259,224,375
174109630_3c544b8a2f.jpg,500,375,rose,231,52,392,185
174131220_c853df1287.jpg,500,333,daisy,137,99,234,241
174131220_c853df1287.jpg,500,333,daisy,146,238,271,333
174131220_c853df1287.jpg,500,333,daisy,122,3,235,119
174131220_c853df1287.jpg,500,333,daisy,275,29,387,135
174131220_c853df1287.jpg,500,333,daisy,322,132,427,212
174131220_c853df1287.jpg,500,333,daisy,358,291,444,333
175106495_53ebdef092_n.jpg,320,240,daisy,1,174,54,240
175106495_53ebdef092_n.jpg,320,240,daisy,136,70,307,240
175106495_53ebdef092_n.jpg,320,240,daisy,80,56,100,84
175106495_53ebdef092_n.jpg,320,240,daisy,122,146,157,189
175106495_53ebdef092_n.jpg,320,240,daisy,178,159,208,187
176375506_201859bb92_m.jpg,180,240,daisy,1,141,104,240
176375506_201859bb92_m.jpg,180,240,daisy,2,7,168,183
177851662_b2622b4238_n.jpg,320,240,dandelion,42,17,260,233
181007802_7cab5ee78e_n.jpg,320,240,daisy,22,48,58,103
181007802_7cab5ee78e_n.jpg,320,240,daisy,114,187,176,235
181007802_7cab5ee78e_n.jpg,320,240,daisy,128,56,167,93
181007802_7cab5ee78e_n.jpg,320,240,daisy,269,55,310,104
181007802_7cab5ee78e_n.jpg,320,240,daisy,193,174,256,214
181007802_7cab5ee78e_n.jpg,320,240,daisy,246,130,290,191
181007802_7cab5ee78e_n.jpg,320,240,daisy,165,139,220,184
181007802_7cab5ee78e_n.jpg,320,240,daisy,55,72,118,121
181007802_7cab5ee78e_n.jpg,320,240,daisy,58,25,106,73
181007802_7cab5ee78e_n.jpg,320,240,daisy,113,7,165,40
181007802_7cab5ee78e_n.jpg,320,240,daisy,172,87,201,119
181007802_7cab5ee78e_n.jpg,320,240,daisy,204,95,226,121
184682095_46f8607278.jpg,500,332,sunflower,336,124,365,162
184682095_46f8607278.jpg,500,332,sunflower,471,148,500,206
184682095_46f8607278.jpg,500,332,sunflower,346,134,466,271
184682095_46f8607278.jpg,500,332,sunflower,127,153,218,274
184682095_46f8607278.jpg,500,332,sunflower,81,171,130,238
184682095_46f8607278.jpg,500,332,sunflower,42,128,73,171
184682095_46f8607278.jpg,500,332,sunflower,240,124,286,186
184682095_46f8607278.jpg,500,332,sunflower,201,114,233,148
184682095_46f8607278.jpg,500,332,sunflower,152,120,177,150
184682095_46f8607278.jpg,500,332,sunflower,103,127,143,169
184682095_46f8607278.jpg,500,332,sunflower,445,86,471,117
184682095_46f8607278.jpg,500,332,sunflower,385,87,419,118
184682095_46f8607278.jpg,500,332,sunflower,283,81,303,106
184682095_46f8607278.jpg,500,332,sunflower,239,79,269,112
184682095_46f8607278.jpg,500,332,sunflower,15,105,36,127
184682095_46f8607278.jpg,500,332,sunflower,95,103,123,127
184682506_8a9b8c662d.jpg,500,332,sunflower,2,153,46,247
184682506_8a9b8c662d.jpg,500,332,sunflower,18,91,58,145
184682506_8a9b8c662d.jpg,500,332,sunflower,49,148,101,198
184682506_8a9b8c662d.jpg,500,332,sunflower,56,86,103,147
184682506_8a9b8c662d.jpg,500,332,sunflower,247,62,295,124
184682506_8a9b8c662d.jpg,500,332,sunflower,475,57,500,105
184682506_8a9b8c662d.jpg,500,332,sunflower,439,79,487,132
184682506_8a9b8c662d.jpg,500,332,sunflower,415,62,453,106
184682506_8a9b8c662d.jpg,500,332,sunflower,164,56,204,107
184682506_8a9b8c662d.jpg,500,332,sunflower,64,46,97,88
184682506_8a9b8c662d.jpg,500,332,sunflower,215,44,246,88
184682506_8a9b8c662d.jpg,500,332,sunflower,400,38,428,76
184682506_8a9b8c662d.jpg,500,332,sunflower,374,42,405,78
184682506_8a9b8c662d.jpg,500,332,sunflower,147,114,199,175
184682652_c927a49226_m.jpg,159,240,sunflower,13,51,159,188
184682652_c927a49226_m.jpg,159,240,sunflower,52,25,94,62
184682652_c927a49226_m.jpg,159,240,sunflower,1,1,32,31
184682652_c927a49226_m.jpg,159,240,sunflower,146,29,159,52
184682652_c927a49226_m.jpg,159,240,sunflower,75,11,93,28
184682652_c927a49226_m.jpg,159,240,sunflower,136,15,150,31
184682920_97ae41ce60_m.jpg,159,240,sunflower,4,43,156,210
184682920_97ae41ce60_m.jpg,159,240,sunflower,3,11,48,56
184682920_97ae41ce60_m.jpg,159,240,sunflower,107,22,130,44
193874852_fb633d8d00_n.jpg,320,240,sunflower,76,155,93,177
193874852_fb633d8d00_n.jpg,320,240,sunflower,111,151,130,173
193874852_fb633d8d00_n.jpg,320,240,sunflower,135,155,152,175
193874852_fb633d8d00_n.jpg,320,240,sunflower,259,159,286,188
193874852_fb633d8d00_n.jpg,320,240,sunflower,218,141,236,153
193874852_fb633d8d00_n.jpg,320,240,sunflower,158,140,169,148
193874852_fb633d8d00_n.jpg,320,240,sunflower,95,196,141,240
193874852_fb633d8d00_n.jpg,320,240,sunflower,54,139,68,150
193878348_43571127b9_n.jpg,320,240,sunflower,15,97,52,126
193878348_43571127b9_n.jpg,320,240,sunflower,169,161,208,191
193878348_43571127b9_n.jpg,320,240,sunflower,294,57,316,79
193878348_43571127b9_n.jpg,320,240,sunflower,281,134,317,167
193878348_43571127b9_n.jpg,320,240,sunflower,194,101,225,132
193878348_43571127b9_n.jpg,320,240,sunflower,86,61,113,84
193878348_43571127b9_n.jpg,320,240,sunflower,115,63,139,84
193878348_43571127b9_n.jpg,320,240,sunflower,216,47,233,61
193878348_43571127b9_n.jpg,320,240,sunflower,225,38,241,50
193878348_43571127b9_n.jpg,320,240,sunflower,251,54,269,70
193878348_43571127b9_n.jpg,320,240,sunflower,22,70,48,91
197011740_21825de2bf.jpg,500,375,sunflower,126,243,202,318
197011740_21825de2bf.jpg,500,375,sunflower,318,195,405,292
197011740_21825de2bf.jpg,500,375,sunflower,419,196,456,230
197011740_21825de2bf.jpg,500,375,sunflower,293,163,326,196
197011740_21825de2bf.jpg,500,375,sunflower,217,192,261,235
197011740_21825de2bf.jpg,500,375,sunflower,140,201,187,243
197011740_21825de2bf.jpg,500,375,sunflower,83,193,126,235
197011740_21825de2bf.jpg,500,375,sunflower,9,210,41,240
197011740_21825de2bf.jpg,500,375,sunflower,188,200,208,218
197011740_21825de2bf.jpg,500,375,sunflower,50,243,95,272
200011914_93f57ed68b.jpg,500,375,sunflower,122,221,220,269
200011914_93f57ed68b.jpg,500,375,sunflower,153,104,215,148
200011914_93f57ed68b.jpg,500,375,sunflower,250,55,295,116
200011914_93f57ed68b.jpg,500,375,sunflower,298,98,334,130
200011914_93f57ed68b.jpg,500,375,sunflower,342,101,384,155
200011914_93f57ed68b.jpg,500,375,sunflower,430,141,474,181
200011914_93f57ed68b.jpg,500,375,sunflower,423,56,456,92
200011914_93f57ed68b.jpg,500,375,sunflower,319,51,352,74
200011914_93f57ed68b.jpg,500,375,sunflower,147,40,171,66
200011914_93f57ed68b.jpg,500,375,sunflower,351,33,377,48
200288046_0032f322ff_n.jpg,320,240,sunflower,65,96,187,204
200288046_0032f322ff_n.jpg,320,240,sunflower,227,9,309,144
200288046_0032f322ff_n.jpg,320,240,sunflower,192,157,303,240
200288046_0032f322ff_n.jpg,320,240,sunflower,35,1,132,91
200557979_a16112aac1_n.jpg,320,240,sunflower,116,43,188,110
200557979_a16112aac1_n.jpg,320,240,sunflower,142,115,244,198
200557979_a16112aac1_n.jpg,320,240,sunflower,67,140,154,222
200557979_a16112aac1_n.jpg,320,240,sunflower,208,64,292,149
200557979_a16112aac1_n.jpg,320,240,sunflower,8,50,68,106
200557981_f800fa1af9.jpg,500,375,sunflower,153,204,238,293
200557981_f800fa1af9.jpg,500,375,sunflower,242,202,312,304
200557981_f800fa1af9.jpg,500,375,sunflower,362,141,440,253
200557981_f800fa1af9.jpg,500,375,sunflower,296,102,373,167
200557981_f800fa1af9.jpg,500,375,sunflower,234,100,295,169
200557981_f800fa1af9.jpg,500,375,sunflower,1,119,56,274
200557981_f800fa1af9.jpg,500,375,sunflower,65,169,110,226
200557983_10a88672fc.jpg,500,375,sunflower,294,71,446,207
200557983_10a88672fc.jpg,500,375,sunflower,203,96,312,222
200557983_10a88672fc.jpg,500,375,sunflower,62,247,177,330
200557983_10a88672fc.jpg,500,375,sunflower,152,58,224,126
200557983_10a88672fc.jpg,500,375,sunflower,70,121,146,180
200557983_10a88672fc.jpg,500,375,sunflower,1,115,59,217
200557983_10a88672fc.jpg,500,375,sunflower,113,86,150,133
201809908_0ef84bb351.jpg,500,375,sunflower,226,160,343,261
201809908_0ef84bb351.jpg,500,375,sunflower,160,97,207,130
201809908_0ef84bb351.jpg,500,375,sunflower,295,59,333,93
201809908_0ef84bb351.jpg,500,375,sunflower,46,105,82,126
201809908_0ef84bb351.jpg,500,375,sunflower,354,91,380,116
201809908_0ef84bb351.jpg,500,375,sunflower,239,68,265,86
201809908_0ef84bb351.jpg,500,375,sunflower,54,61,84,85
201809908_0ef84bb351.jpg,500,375,sunflower,161,48,183,65
210076535_80951bc5d5.jpg,500,375,sunflower,169,128,209,174
210076535_80951bc5d5.jpg,500,375,sunflower,127,166,164,197
210076535_80951bc5d5.jpg,500,375,sunflower,321,156,346,186
210076535_80951bc5d5.jpg,500,375,sunflower,348,136,374,175
210076535_80951bc5d5.jpg,500,375,sunflower,379,156,404,184
210076535_80951bc5d5.jpg,500,375,sunflower,238,80,255,100
210076535_80951bc5d5.jpg,500,375,sunflower,278,80,314,111
210076535_80951bc5d5.jpg,500,375,sunflower,324,74,337,97
210076535_80951bc5d5.jpg,500,375,sunflower,127,116,153,146
210076535_80951bc5d5.jpg,500,375,sunflower,105,159,127,197
215798354_429de28c2d.jpg,500,375,sunflower,86,57,148,128
215798354_429de28c2d.jpg,500,375,sunflower,164,26,230,81
215798354_429de28c2d.jpg,500,375,sunflower,69,11,121,60
215798354_429de28c2d.jpg,500,375,sunflower,19,2,71,40
215798354_429de28c2d.jpg,500,375,sunflower,22,38,71,80
215798354_429de28c2d.jpg,500,375,sunflower,362,23,420,62
215798354_429de28c2d.jpg,500,375,sunflower,445,17,499,43
215798357_3f4bfa27b7.jpg,500,375,sunflower,108,141,137,168
215798357_3f4bfa27b7.jpg,500,375,sunflower,205,108,248,149
215798357_3f4bfa27b7.jpg,500,375,sunflower,278,83,306,112
215798357_3f4bfa27b7.jpg,500,375,sunflower,362,92,398,118
215798357_3f4bfa27b7.jpg,500,375,sunflower,413,80,452,110
215798357_3f4bfa27b7.jpg,500,375,sunflower,131,100,164,130
215798357_3f4bfa27b7.jpg,500,375,sunflower,113,76,151,102
215798357_3f4bfa27b7.jpg,500,375,sunflower,51,68,90,97
215798357_3f4bfa27b7.jpg,500,375,sunflower,234,94,275,123
21652746_cc379e0eea_m.jpg,231,240,daisy,13,24,213,225
22679076_bdb4c24401_m.jpg,180,240,rose,35,80,72,129
22679076_bdb4c24401_m.jpg,180,240,rose,1,62,30,89
22679076_bdb4c24401_m.jpg,180,240,rose,26,44,54,70
22679076_bdb4c24401_m.jpg,180,240,rose,156,15,175,47
22679076_bdb4c24401_m.jpg,180,240,rose,53,55,82,75
229488796_21ac6ee16d_n.jpg,320,236,rose,112,70,170,149
229488796_21ac6ee16d_n.jpg,320,236,rose,181,17,306,141
229488796_21ac6ee16d_n.jpg,320,236,rose,6,91,112,184
24459548_27a783feda.jpg,500,375,sunflower,10,1,500,374
24459750_eb49f6e4cb_m.jpg,180,240,sunflower,67,77,122,132
24459750_eb49f6e4cb_m.jpg,180,240,sunflower,3,59,43,85
24459750_eb49f6e4cb_m.jpg,180,240,sunflower,136,20,180,75
24459750_eb49f6e4cb_m.jpg,180,240,sunflower,58,2,99,40
24781114_bc83aa811e_n.jpg,320,256,rose,239,62,308,124
24781114_bc83aa811e_n.jpg,320,256,rose,196,65,250,130
24781114_bc83aa811e_n.jpg,320,256,rose,222,15,272,59
24781114_bc83aa811e_n.jpg,320,256,rose,295,16,320,58
253426762_9793d43fcd.jpg,500,281,daisy,72,10,491,281
25360380_1a881a5648.jpg,500,375,daisy,77,93,366,266
25360380_1a881a5648.jpg,500,375,daisy,377,221,500,344
25360380_1a881a5648.jpg,500,375,daisy,214,16,312,56
25360380_1a881a5648.jpg,500,375,daisy,250,47,325,92
25360380_1a881a5648.jpg,500,375,daisy,45,7,171,74
253622055_d72964a7fd_n.jpg,320,240,dandelion,42,7,269,200
26254755_1bfc494ef1_n.jpg,320,240,sunflower,12,190,23,202
26254755_1bfc494ef1_n.jpg,320,240,sunflower,154,195,164,205
26254755_1bfc494ef1_n.jpg,320,240,sunflower,224,208,235,228
26254755_1bfc494ef1_n.jpg,320,240,sunflower,251,214,270,237
26254755_1bfc494ef1_n.jpg,320,240,sunflower,275,199,287,215
26254755_1bfc494ef1_n.jpg,320,240,sunflower,288,204,299,216
26254755_1bfc494ef1_n.jpg,320,240,sunflower,207,207,223,224
26254755_1bfc494ef1_n.jpg,320,240,sunflower,134,205,150,223
26254755_1bfc494ef1_n.jpg,320,240,sunflower,82,191,94,203
26254755_1bfc494ef1_n.jpg,320,240,sunflower,63,170,75,188
26254755_1bfc494ef1_n.jpg,320,240,sunflower,78,172,84,177
26254755_1bfc494ef1_n.jpg,320,240,sunflower,39,171,45,181
26254755_1bfc494ef1_n.jpg,320,240,sunflower,242,183,253,192
26254755_1bfc494ef1_n.jpg,320,240,sunflower,192,180,200,190
26254755_1bfc494ef1_n.jpg,320,240,sunflower,163,185,175,193
267148092_4bb874af58.jpg,500,375,daisy,163,23,428,375
269037241_07fceff56a_m.jpg,201,240,rose,69,3,129,115
272481307_1eb47ba3e0_n.jpg,320,240,rose,10,84,170,235
272481307_1eb47ba3e0_n.jpg,320,240,rose,168,61,319,220
272481307_1eb47ba3e0_n.jpg,320,240,rose,197,2,320,90
272481307_1eb47ba3e0_n.jpg,320,240,rose,66,7,202,94
272481307_1eb47ba3e0_n.jpg,320,240,rose,1,1,73,90
27465811_9477c9d044.jpg,500,375,sunflower,2,2,411,375
27466794_57e4fe5656.jpg,500,375,sunflower,2,9,500,373
286875003_f7c0e1882d.jpg,500,375,daisy,9,2,448,369
294451721_5106537b34.jpg,500,375,daisy,66,35,499,375
298670754_f25edda891.jpg,500,375,rose,1,192,161,375
298670754_f25edda891.jpg,500,375,rose,58,76,263,317
298670754_f25edda891.jpg,500,375,rose,262,11,369,185
298670754_f25edda891.jpg,500,375,rose,383,171,500,352
298670754_f25edda891.jpg,500,375,rose,334,34,493,199
299129811_d6ebda9970.jpg,500,375,daisy,1,2,481,375
29972905_4cc537ff4b_n.jpg,320,239,sunflower,71,154,95,177
29972905_4cc537ff4b_n.jpg,320,239,sunflower,61,176,90,201
29972905_4cc537ff4b_n.jpg,320,239,sunflower,67,201,95,222
29972905_4cc537ff4b_n.jpg,320,239,sunflower,133,166,156,188
29972905_4cc537ff4b_n.jpg,320,239,sunflower,168,192,190,216
29972905_4cc537ff4b_n.jpg,320,239,sunflower,206,178,226,203
29972905_4cc537ff4b_n.jpg,320,239,sunflower,185,152,208,171
29972905_4cc537ff4b_n.jpg,320,239,sunflower,181,136,201,154
29972905_4cc537ff4b_n.jpg,320,239,sunflower,155,141,173,155
29972905_4cc537ff4b_n.jpg,320,239,sunflower,102,218,130,239
29972905_4cc537ff4b_n.jpg,320,239,sunflower,251,115,270,139
29972905_4cc537ff4b_n.jpg,320,239,sunflower,303,120,320,137
29972905_4cc537ff4b_n.jpg,320,239,sunflower,301,137,320,158
29972905_4cc537ff4b_n.jpg,320,239,sunflower,259,151,282,170
29972905_4cc537ff4b_n.jpg,320,239,sunflower,29,203,52,226
29972905_4cc537ff4b_n.jpg,320,239,sunflower,91,86,106,101
29972905_4cc537ff4b_n.jpg,320,239,sunflower,105,118,125,139
29972905_4cc537ff4b_n.jpg,320,239,sunflower,258,189,276,204
29972905_4cc537ff4b_n.jpg,320,239,sunflower,292,166,310,188
29972905_4cc537ff4b_n.jpg,320,239,sunflower,266,214,287,233
29972905_4cc537ff4b_n.jpg,320,239,sunflower,200,223,225,239
29972905_4cc537ff4b_n.jpg,320,239,sunflower,148,219,168,239
29972905_4cc537ff4b_n.jpg,320,239,sunflower,117,196,144,217
29972905_4cc537ff4b_n.jpg,320,239,sunflower,173,96,191,114
29972905_4cc537ff4b_n.jpg,320,239,sunflower,222,121,239,133
29972905_4cc537ff4b_n.jpg,320,239,sunflower,196,117,214,134
29972905_4cc537ff4b_n.jpg,320,239,sunflower,297,194,318,219
301964511_fab84ea1c1.jpg,500,375,daisy,40,1,281,194
301964511_fab84ea1c1.jpg,500,375,daisy,4,109,465,375
302782756_d35cb3e468.jpg,500,375,daisy,146,77,417,354
305160642_53cde0f44f.jpg,500,375,daisy,38,1,494,375
315645471_dda66c6338_m.jpg,180,240,dandelion,44,82,95,197
315645471_dda66c6338_m.jpg,180,240,dandelion,34,143,59,185
315645471_dda66c6338_m.jpg,180,240,dandelion,19,151,40,188
315645471_dda66c6338_m.jpg,180,240,dandelion,97,189,119,214
319298955_0c72bd36bf.jpg,500,333,rose,388,96,439,140
319298955_0c72bd36bf.jpg,500,333,rose,363,36,416,87
319298955_0c72bd36bf.jpg,500,333,rose,294,39,338,81
319298955_0c72bd36bf.jpg,500,333,rose,192,265,241,319
326541992_d542103ca8_n.jpg,320,240,rose,52,168,132,219
326541992_d542103ca8_n.jpg,320,240,rose,221,146,269,182
353897245_5453f35a8e.jpg,500,375,rose,1,1,445,373
35477171_13cb52115c_n.jpg,320,240,sunflower,1,10,267,239
367020749_3c9a652d75.jpg,500,375,daisy,4,4,448,368
391364010_4b0942d400_m.jpg,180,240,daisy,82,95,106,140
391364010_4b0942d400_m.jpg,180,240,daisy,107,86,138,124
39271782_b4335d09ae_n.jpg,320,251,sunflower,37,28,125,104
39271782_b4335d09ae_n.jpg,320,251,sunflower,137,11,213,124
394990940_7af082cf8d_n.jpg,320,240,rose,8,1,312,233
40410686_272bc66faf_m.jpg,180,240,sunflower,10,70,33,89
40410686_272bc66faf_m.jpg,180,240,sunflower,145,35,169,67
40410686_272bc66faf_m.jpg,180,240,sunflower,78,44,103,64
40410686_272bc66faf_m.jpg,180,240,sunflower,162,23,171,36
40410686_272bc66faf_m.jpg,180,240,sunflower,168,142,180,169
40410686_272bc66faf_m.jpg,180,240,sunflower,55,38,69,54
40410686_272bc66faf_m.jpg,180,240,sunflower,32,39,52,55
40410686_272bc66faf_m.jpg,180,240,sunflower,124,44,135,55
40410686_272bc66faf_m.jpg,180,240,sunflower,125,33,139,43
40410686_272bc66faf_m.jpg,180,240,sunflower,69,36,83,50
40410963_3ac280f23a_n.jpg,320,240,sunflower,3,4,319,240
40411019_526f3fc8d9_m.jpg,180,240,sunflower,1,74,180,239
40411100_7fbe10ec0f_n.jpg,320,240,sunflower,1,1,320,238
410425647_4586667858.jpg,500,375,rose,205,45,336,152
410425647_4586667858.jpg,500,375,rose,180,190,292,323
410425647_4586667858.jpg,500,375,rose,22,214,192,368
410425647_4586667858.jpg,500,375,rose,65,109,149,164
410425647_4586667858.jpg,500,375,rose,379,203,445,271
410425647_4586667858.jpg,500,375,rose,298,231,377,325
410425647_4586667858.jpg,500,375,rose,401,272,498,375
413815348_764ae83088.jpg,500,375,daisy,154,20,499,324
422094774_28acc69a8b_n.jpg,320,240,daisy,79,21,282,200
433037739_6a030e5912.jpg,500,375,daisy,201,63,499,295
433837534_1dbf798b73.jpg,500,375,daisy,250,191,383,279
433837534_1dbf798b73.jpg,500,375,daisy,310,294,418,368
437859108_173fb33c98.jpg,500,375,daisy,13,2,499,370
446484749_4044affcaf_n.jpg,320,232,daisy,178,16,312,137
45045003_30bbd0a142_m.jpg,180,240,sunflower,62,93,164,205
45045003_30bbd0a142_m.jpg,180,240,sunflower,19,99,64,187
45045005_57354ee844.jpg,500,375,sunflower,156,110,279,281
45045005_57354ee844.jpg,500,375,sunflower,279,100,499,338
45045005_57354ee844.jpg,500,375,sunflower,90,309,204,371
451965300_619b781dc9_m.jpg,240,225,dandelion,10,17,217,209
452854574_59492f119a_m.jpg,189,240,daisy,11,186,34,204
452854574_59492f119a_m.jpg,189,240,daisy,69,178,86,208
452854574_59492f119a_m.jpg,189,240,daisy,94,211,118,235
452854574_59492f119a_m.jpg,189,240,daisy,29,155,40,167
452854574_59492f119a_m.jpg,189,240,daisy,78,160,90,173
452854574_59492f119a_m.jpg,189,240,daisy,83,174,96,181
459042023_6273adc312_n.jpg,320,240,rose,167,28,312,233
459042023_6273adc312_n.jpg,320,240,rose,3,4,110,158
459633569_5ddf6bc116_m.jpg,240,240,dandelion,15,28,104,189
459931395_24bf6531fe_n.jpg,320,228,daisy,88,84,110,100
459931395_24bf6531fe_n.jpg,320,228,daisy,158,76,176,95
459931395_24bf6531fe_n.jpg,320,228,daisy,145,137,163,152
459931395_24bf6531fe_n.jpg,320,228,daisy,204,132,225,152
459931395_24bf6531fe_n.jpg,320,228,daisy,290,101,304,118
459931395_24bf6531fe_n.jpg,320,228,daisy,114,117,132,136
459931395_24bf6531fe_n.jpg,320,228,daisy,34,138,59,153
459931395_24bf6531fe_n.jpg,320,228,daisy,210,30,233,49
466486216_ab13b55763.jpg,500,333,rose,37,83,93,156
466486216_ab13b55763.jpg,500,333,rose,52,157,114,205
466486216_ab13b55763.jpg,500,333,rose,105,188,159,245
466486216_ab13b55763.jpg,500,333,rose,164,178,214,222
466486216_ab13b55763.jpg,500,333,rose,151,229,211,288
466486216_ab13b55763.jpg,500,333,rose,316,262,382,317
466486216_ab13b55763.jpg,500,333,rose,209,222,258,280
466486216_ab13b55763.jpg,500,333,rose,241,188,308,253
466486216_ab13b55763.jpg,500,333,rose,174,115,238,183
466486216_ab13b55763.jpg,500,333,rose,116,115,172,176
476857510_d2b30175de_n.jpg,320,240,daisy,26,27,161,210
476857510_d2b30175de_n.jpg,320,240,daisy,197,14,283,137
483886997_27ee798327.jpg,500,375,daisy,75,139,196,354
488849503_63a290a8c2_m.jpg,175,240,rose,37,106,85,155
488849503_63a290a8c2_m.jpg,175,240,rose,79,139,109,171
488849503_63a290a8c2_m.jpg,175,240,rose,95,166,129,216
488849503_63a290a8c2_m.jpg,175,240,rose,126,94,139,119
488849503_63a290a8c2_m.jpg,175,240,rose,143,104,155,127
494803274_f84f21d53a.jpg,500,375,rose,58,115,208,261
494803274_f84f21d53a.jpg,500,375,rose,215,107,399,223
494803274_f84f21d53a.jpg,500,375,rose,150,221,306,328
494803274_f84f21d53a.jpg,500,375,rose,302,214,394,303
494803274_f84f21d53a.jpg,500,375,rose,390,155,500,281
494803274_f84f21d53a.jpg,500,375,rose,284,16,405,104
494803274_f84f21d53a.jpg,500,375,rose,186,54,261,147
494803274_f84f21d53a.jpg,500,375,rose,45,4,176,108
494803274_f84f21d53a.jpg,500,375,rose,252,326,393,375
494803274_f84f21d53a.jpg,500,375,rose,383,276,497,375
495098110_3a4bb30042_n.jpg,320,242,daisy,16,26,204,233
498159452_b71afd65ba.jpg,500,375,daisy,1,160,243,375
498159452_b71afd65ba.jpg,500,375,daisy,88,96,331,290
498159452_b71afd65ba.jpg,500,375,daisy,347,111,496,259
498159452_b71afd65ba.jpg,500,375,daisy,143,1,311,107
498159452_b71afd65ba.jpg,500,375,daisy,391,47,500,123
498159452_b71afd65ba.jpg,500,375,daisy,312,37,388,78
505517255_cfbb6f6394.jpg,500,331,rose,12,1,486,331
506018088_4f7a15a7c5_n.jpg,320,257,daisy,9,7,233,179
506348009_9ecff8b6ef.jpg,500,332,daisy,122,47,379,296
509239741_28e2cfe492_m.jpg,179,240,rose,5,21,167,184
50987813_7484bfbcdf.jpg,500,332,sunflower,94,89,284,248
50987813_7484bfbcdf.jpg,500,332,sunflower,18,186,149,297
50987813_7484bfbcdf.jpg,500,332,sunflower,246,215,399,332
50987813_7484bfbcdf.jpg,500,332,sunflower,283,1,488,178
512578026_f6e6f2ad26.jpg,500,338,rose,93,2,500,327
515121050_dcb99890be.jpg,500,333,rose,16,72,146,213
515121050_dcb99890be.jpg,500,333,rose,163,81,300,273
515121050_dcb99890be.jpg,500,333,rose,298,94,422,270
515121050_dcb99890be.jpg,500,333,rose,442,141,500,266
515121050_dcb99890be.jpg,500,333,rose,176,15,327,98
515121050_dcb99890be.jpg,500,333,rose,335,32,440,138
527513005_41497ca4dc.jpg,500,336,rose,43,4,488,336
534228982_4afbcece9b_m.jpg,205,240,rose,25,21,178,150
534228982_4afbcece9b_m.jpg,205,240,rose,18,17,189,225
537207677_f96a0507bb.jpg,500,375,rose,88,276,217,368
537207677_f96a0507bb.jpg,500,375,rose,200,231,326,323
537207677_f96a0507bb.jpg,500,375,rose,172,134,296,238
537207677_f96a0507bb.jpg,500,375,rose,210,45,317,144
537207677_f96a0507bb.jpg,500,375,rose,296,121,384,217
537207677_f96a0507bb.jpg,500,375,rose,328,197,415,304
537207677_f96a0507bb.jpg,500,375,rose,363,15,438,97
537207677_f96a0507bb.jpg,500,375,rose,422,16,490,77
537207677_f96a0507bb.jpg,500,375,rose,405,149,440,190
537207677_f96a0507bb.jpg,500,375,rose,411,226,463,295
537207677_f96a0507bb.jpg,500,375,rose,286,27,339,76
54377391_15648e8d18.jpg,500,375,daisy,133,106,344,375
54377391_15648e8d18.jpg,500,375,daisy,1,150,79,236
54377391_15648e8d18.jpg,500,375,daisy,352,74,422,230
54895006_55b49052dc.jpg,500,333,tulip,212,190,242,226
54895006_55b49052dc.jpg,500,333,tulip,122,138,176,175
54895006_55b49052dc.jpg,500,333,tulip,62,108,101,159
54895006_55b49052dc.jpg,500,333,tulip,22,94,67,157
54895006_55b49052dc.jpg,500,333,tulip,155,108,188,141
54895006_55b49052dc.jpg,500,333,tulip,186,121,209,144
54895006_55b49052dc.jpg,500,333,tulip,461,113,500,155
54895006_55b49052dc.jpg,500,333,tulip,432,130,461,153
54895006_55b49052dc.jpg,500,333,tulip,291,167,314,189
54895006_55b49052dc.jpg,500,333,tulip,221,141,243,167
54895006_55b49052dc.jpg,500,333,tulip,327,162,338,184
563847503_89e9756c80.jpg,500,333,rose,91,31,240,133
563847503_89e9756c80.jpg,500,333,rose,138,129,314,226
563847503_89e9756c80.jpg,500,333,rose,259,146,458,308
5673551_01d1ea993e_n.jpg,320,212,daisy,1,1,320,211
5673728_71b8cb57eb.jpg,500,332,daisy,13,1,500,331
568715474_bdb64ccc32.jpg,500,333,rose,68,2,315,221
568715474_bdb64ccc32.jpg,500,333,rose,280,8,500,180
568715474_bdb64ccc32.jpg,500,333,rose,319,168,500,332
5794835_d15905c7c8_n.jpg,320,240,daisy,16,21,296,223
58636535_bc53ef0a21_m.jpg,180,240,sunflower,16,69,155,205
58636535_bc53ef0a21_m.jpg,180,240,sunflower,88,175,180,239
58636535_bc53ef0a21_m.jpg,180,240,sunflower,30,23,121,77
61242541_a04395e6bc.jpg,400,246,dandelion,165,54,298,246
62293290_2c463891ff_m.jpg,180,240,dandelion,64,76,118,144
65347450_53658c63bd_n.jpg,320,240,tulip,4,9,196,216
65347450_53658c63bd_n.jpg,320,240,tulip,97,1,320,130
756943228_e15a7b2318.jpg,500,375,rose,21,316,64,362
756943228_e15a7b2318.jpg,500,375,rose,53,309,97,340
756943228_e15a7b2318.jpg,500,375,rose,58,351,99,375
756943228_e15a7b2318.jpg,500,375,rose,85,317,129,353
756943228_e15a7b2318.jpg,500,375,rose,97,263,143,301
756943228_e15a7b2318.jpg,500,375,rose,134,293,188,326
756943228_e15a7b2318.jpg,500,375,rose,141,250,177,280
756943228_e15a7b2318.jpg,500,375,rose,186,279,255,319
756943228_e15a7b2318.jpg,500,375,rose,172,341,212,375
756943228_e15a7b2318.jpg,500,375,rose,213,342,270,374
756943228_e15a7b2318.jpg,500,375,rose,301,328,367,375
756943228_e15a7b2318.jpg,500,375,rose,336,276,383,319
756943228_e15a7b2318.jpg,500,375,rose,284,257,333,300
756943228_e15a7b2318.jpg,500,375,rose,243,241,277,268
756943228_e15a7b2318.jpg,500,375,rose,186,247,215,278
756943228_e15a7b2318.jpg,500,375,rose,391,333,432,375
8181477_8cb77d2e0f_n.jpg,320,240,dandelion,71,123,132,208
8181477_8cb77d2e0f_n.jpg,320,240,dandelion,260,108,303,169
8181477_8cb77d2e0f_n.jpg,320,240,dandelion,161,126,172,189
8181477_8cb77d2e0f_n.jpg,320,240,dandelion,224,167,248,208
8223949_2928d3f6f6_n.jpg,320,240,dandelion,120,149,169,197
8223949_2928d3f6f6_n.jpg,320,240,dandelion,143,89,200,131
8223949_2928d3f6f6_n.jpg,320,240,dandelion,276,72,307,97
8223949_2928d3f6f6_n.jpg,320,240,dandelion,90,80,116,105
8223949_2928d3f6f6_n.jpg,320,240,dandelion,125,50,149,65
8223949_2928d3f6f6_n.jpg,320,240,dandelion,288,110,317,132
8223949_2928d3f6f6_n.jpg,320,240,dandelion,191,58,222,84
8223968_6b51555d2f_n.jpg,320,240,dandelion,1,120,78,160
8223968_6b51555d2f_n.jpg,320,240,dandelion,91,107,137,133
8223968_6b51555d2f_n.jpg,320,240,dandelion,278,80,320,115
8223968_6b51555d2f_n.jpg,320,240,dandelion,125,20,199,59
8223968_6b51555d2f_n.jpg,320,240,dandelion,114,58,177,95
8223968_6b51555d2f_n.jpg,320,240,dandelion,207,55,247,76
8223968_6b51555d2f_n.jpg,320,240,dandelion,235,36,269,53
8223968_6b51555d2f_n.jpg,320,240,dandelion,79,74,108,98
8223968_6b51555d2f_n.jpg,320,240,dandelion,86,43,116,62
8475758_4c861ab268_m.jpg,180,240,dandelion,81,142,116,182
8475758_4c861ab268_m.jpg,180,240,dandelion,107,189,141,220
8475758_4c861ab268_m.jpg,180,240,dandelion,33,113,59,138
8475758_4c861ab268_m.jpg,180,240,dandelion,9,68,28,83
8475758_4c861ab268_m.jpg,180,240,dandelion,17,38,35,51
8475758_4c861ab268_m.jpg,180,240,dandelion,85,33,102,42
8475758_4c861ab268_m.jpg,180,240,dandelion,136,37,161,55
8475758_4c861ab268_m.jpg,180,240,dandelion,109,67,139,100
8475758_4c861ab268_m.jpg,180,240,dandelion,139,161,167,190
8475758_4c861ab268_m.jpg,180,240,dandelion,48,71,63,82
8475758_4c861ab268_m.jpg,180,240,dandelion,98,15,132,47
8475758_4c861ab268_m.jpg,180,240,dandelion,47,51,61,63
8475758_4c861ab268_m.jpg,180,240,dandelion,86,116,129,155
850416050_31b3ff7086.jpg,500,325,rose,12,1,476,325
8684108_a85764b22d_n.jpg,320,240,dandelion,1,104,38,147
8684108_a85764b22d_n.jpg,320,240,dandelion,60,111,112,138
8684108_a85764b22d_n.jpg,320,240,dandelion,83,60,149,91
8684108_a85764b22d_n.jpg,320,240,dandelion,96,21,167,56
8684108_a85764b22d_n.jpg,320,240,dandelion,182,63,237,84
8684108_a85764b22d_n.jpg,320,240,dandelion,148,86,177,108
8684108_a85764b22d_n.jpg,320,240,dandelion,251,87,308,108
873660804_37f5c6a46e_n.jpg,320,223,rose,57,26,288,184
873660804_37f5c6a46e_n.jpg,320,223,rose,1,88,74,201
9818247_e2eac18894.jpg,500,412,dandelion,179,292,221,324
9818247_e2eac18894.jpg,500,412,dandelion,234,281,285,343
9818247_e2eac18894.jpg,500,412,dandelion,368,297,403,351
9818247_e2eac18894.jpg,500,412,dandelion,398,299,436,349
9818247_e2eac18894.jpg,500,412,dandelion,53,300,100,329
9818247_e2eac18894.jpg,500,412,dandelion,287,280,321,311
98992760_53ed1d26a9.jpg,500,333,dandelion,12,60,274,331
99306615_739eb94b9e_m.jpg,180,240,daisy,32,175,68,221
99306615_739eb94b9e_m.jpg,180,240,daisy,5,139,43,187
99306615_739eb94b9e_m.jpg,180,240,daisy,7,42,46,87
99306615_739eb94b9e_m.jpg,180,240,daisy,52,14,84,41
99306615_739eb94b9e_m.jpg,180,240,daisy,96,157,126,212
99306615_739eb94b9e_m.jpg,180,240,daisy,79,108,108,140
99306615_739eb94b9e_m.jpg,180,240,daisy,105,54,138,101
99306615_739eb94b9e_m.jpg,180,240,daisy,132,100,161,152
99383371_37a5ac12a3_n.jpg,320,229,rose,197,127,224,161
99383371_37a5ac12a3_n.jpg,320,229,rose,156,93,182,120
99383371_37a5ac12a3_n.jpg,320,229,rose,117,55,137,92
99383371_37a5ac12a3_n.jpg,320,229,rose,100,55,120,93
99383371_37a5ac12a3_n.jpg,320,229,rose,39,67,70,103
99383371_37a5ac12a3_n.jpg,320,229,rose,19,75,39,96
99383371_37a5ac12a3_n.jpg,320,229,rose,14,94,37,110
99383371_37a5ac12a3_n.jpg,320,229,rose,142,74,167,98
